,accuracy,roc_auc,avg_precision,n_neighbors
0,0.9210526315789473,0.9490740740740741,0.9439193641380447,2
1,0.9649122807017544,0.9710648148148148,0.9676705426705426,4
2,0.9649122807017544,0.9677579365079365,0.9644703769703771,6
3,0.9649122807017544,0.9766865079365079,0.9757223589944178,8
4,0.956140350877193,0.9875992063492064,0.9898047785547786,10
5,0.956140350877193,0.9885912698412698,0.9910798115751405,12
6,0.956140350877193,0.9915674603174602,0.9941949424092646,14
7,0.956140350877193,0.9897486772486772,0.9926935661264019,16
8,0.956140350877193,0.9879298941798942,0.9915759262857873,18
